7.33540968534659
3.0179378474098075
1.7353714728387923
1.393006877840401
0.7154032808378873
0.6554875177635962
0.6121564200947002
0.38002226138693224
0.2604228584346485
0.18131829759682241
0.1209755967244929
0.1126557992074112
0.08960532394486528
0.06010479845851925
0.04614730092266332
0.045273495120794725
0.043865059316987594
0.0389129757765288
0.02697098060034083
0.019029131529212335
0.02340671557299222
0.013578615570604868
0.01377040037967275
0.016461196933650207
0.009303600692636586
0.010731237098259244
0.008500925464720473
0.008185657780090899
0.006710723984345031
0.004965001215327879
0.007197054777927756
0.0036264854059933132
0.0040970810312901135
0.004439240352045756
0.0035448639871927244
0.0023770159137992157
0.004301779651828869
0.0026405764257522945
0.002158343254573072
0.002136476048845086
0.002046901395935606
0.0019169716753813012
0.0012208043116957736
0.0016866345504715614
0.0012927616931398013
0.0010929909324703855
0.0010003999741492416
0.0008034754255168451
